JBGYPKE: 266138
xttoxd: 7200.621009582099
NNISS: 67604
GOJVL: 565717
SGXOL: 120028
mmjhiu: 435131.90664875077
WYEG: 83635
AHPNAUE: 761461
ektnq: 125529.19226378869
ymgl: 109962.19590290236
COJRC: 266138
kezjm: 7200.621009582099
TRKFA: 67604
LEVLW: 565717
ICATFDU: 120028
